,Open,High,Low,Close,Volume
2021-07-20 09:12:32.963739,1229.0,1233.0,1225.0,1231.0,18890300.0
2021-07-20 09:17:33.681259,1231.0,1235.0,1228.0,1235.0,22521500.0
2021-07-20 09:22:35.706604,1235.0,1237.0,1229.0,1229.0,28990200.0
2021-07-20 09:27:38.110754,1229.0,1238.0,1229.0,1238.0,32552700.0
2021-07-20 09:32:40.472365,1238.0,1241.0,1229.0,1232.0,38430600.0
2021-07-20 09:37:42.870231,1232.0,1232.0,1229.0,1231.0,41143200.0
2021-07-20 09:42:44.916451,1231.0,1238.0,1231.0,1236.0,42556900.0
2021-07-20 09:47:46.144103,1236.0,1244.0,1236.0,1240.0,44861100.0
2021-07-20 09:52:47.489373,1240.0,1244.0,1237.0,1244.0,48373200.0
2021-07-20 09:57:48.814551,1244.0,1244.0,1231.0,1231.0,51649300.0
2021-07-20 10:02:50.283375,1231.0,1232.0,1223.0,1223.0,56624800.0
2021-07-20 10:07:51.655051,1223.0,1223.0,1215.0,1216.0,60450200.0
2021-07-20 10:12:53.154698,1216.0,1224.0,1213.0,1222.0,64032400.0
2021-07-20 10:17:54.424828,1222.0,1223.0,1216.0,1216.0,66919000.0
2021-07-20 10:22:55.939855,1216.0,1222.0,1216.0,1222.0,68842900.0
2021-07-20 10:27:57.267774,1222.0,1223.0,1219.0,1220.0,70645100.0
2021-07-20 10:32:58.576279,1220.0,1227.0,1217.0,1226.0,73214700.0
2021-07-20 10:37:59.861758,1226.0,1226.0,1220.0,1223.0,74915700.0
2021-07-20 10:43:01.232684,1223.0,1224.0,1221.0,1222.0,76153900.0
2021-07-20 10:48:02.469779,1222.0,1223.0,1220.0,1223.0,77248700.0
2021-07-20 10:53:03.891627,1223.0,1223.0,1214.0,1219.0,80987200.0
2021-07-20 10:58:05.234427,1219.0,1224.0,1219.0,1224.0,85092800.0
2021-07-20 11:03:06.606275,1224.0,1225.0,1221.0,1223.0,87121600.0
2021-07-20 11:08:08.056240,1223.0,1226.0,1223.0,1226.0,88146900.0
2021-07-20 11:13:09.254203,1227.0,1227.0,1221.0,1221.0,89256600.0
2021-07-20 11:18:10.501795,1221.0,1222.0,1221.0,1222.0,90413100.0
2021-07-20 11:23:11.874417,1222.0,1222.0,1219.0,1222.0,91093300.0
2021-07-20 11:28:13.260090,1222.0,1222.0,1220.0,1222.0,92056400.0
2021-07-20 11:33:14.712636,1222.0,1222.0,1219.0,1219.0,92956100.0
2021-07-20 11:38:16.092623,1219.0,1219.0,1219.0,1219.0,93180000.0
2021-07-20 11:43:17.478032,1219.0,1219.0,1219.0,1219.0,93180000.0
2021-07-20 11:48:18.740872,1219.0,1219.0,1219.0,1219.0,93180000.0
2021-07-20 11:53:20.214333,1219.0,1219.0,1219.0,1219.0,93180000.0
2021-07-20 11:58:22.520580,1219.0,1219.0,1219.0,1219.0,93180000.0
2021-07-20 12:03:23.851158,1219.0,1219.0,1219.0,1219.0,93180000.0
2021-07-20 12:08:25.251442,1219.0,1219.0,1219.0,1219.0,93180000.0
2021-07-20 12:13:26.632545,1219.0,1219.0,1219.0,1219.0,93180000.0
2021-07-20 12:18:27.915443,1219.0,1219.0,1219.0,1219.0,93180000.0
2021-07-20 12:23:29.414449,1219.0,1219.0,1219.0,1219.0,93180000.0
2021-07-20 12:28:30.840967,1219.0,1219.0,1219.0,1219.0,93180000.0
2021-07-20 12:33:32.351837,1219.0,1226.0,1216.0,1217.0,95534100.0
2021-07-20 12:38:35.188395,1217.0,1218.0,1210.0,1212.0,101162700.0
2021-07-20 12:43:36.168550,1212.0,1216.0,1212.0,1216.0,107593900.0
2021-07-20 12:48:38.053945,1216.0,1219.0,1216.0,1219.0,110120500.0
2021-07-20 12:53:41.927076,1219.0,1220.0,1214.0,1214.0,111117400.0
2021-07-20 12:58:43.217203,1214.0,1215.0,1209.0,1212.0,113407300.0
2021-07-20 13:03:45.439865,1212.0,1212.0,1207.0,1211.0,116580600.0
2021-07-20 13:08:47.897949,1211.0,1213.0,1205.0,1205.0,119055000.0
2021-07-20 13:13:50.209813,1205.0,1206.0,1199.0,1200.0,125461500.0
2021-07-20 13:18:52.395338,1200.0,1202.0,1198.0,1200.0,133330300.0
2021-07-20 13:23:53.974166,1199.0,1204.0,1197.0,1202.0,137329100.0
2021-07-20 13:28:54.859016,1202.0,1204.0,1199.0,1203.0,141607700.0
2021-07-20 13:33:55.708618,1203.0,1207.0,1203.0,1203.0,144414500.0
2021-07-20 13:38:56.502031,1203.0,1203.0,1199.0,1201.0,147276700.0
2021-07-20 13:43:57.856098,1201.0,1203.0,1199.0,1201.0,150027900.0
2021-07-20 13:48:59.456442,1201.0,1204.0,1201.0,1203.0,151412000.0
2021-07-20 13:54:00.889454,1203.0,1205.0,1203.0,1205.0,152484200.0
2021-07-20 13:59:02.203395,1205.0,1208.0,1205.0,1207.0,153679100.0
2021-07-20 14:04:03.666572,1207.0,1211.0,1207.0,1209.0,154662800.0
2021-07-20 14:09:05.222304,1209.0,1212.0,1207.0,1212.0,156501600.0
2021-07-20 14:14:08.062823,1212.0,1212.0,1208.0,1209.0,159265500.0
2021-07-20 14:19:09.511596,1209.0,1209.0,1206.0,1207.0,161264100.0
2021-07-20 14:24:10.733605,1207.0,1210.0,1207.0,1210.0,162493900.0
2021-07-20 14:29:11.977718,1210.0,1210.0,1206.0,1210.0,163947500.0
2021-07-20 14:34:13.245984,1210.0,1211.0,1208.0,1209.0,165747100.0
2021-07-20 14:39:14.655902,1209.0,1210.0,1207.0,1209.0,167568100.0
2021-07-20 14:44:16.037826,1209.0,1209.0,1208.0,1208.0,168853600.0
2021-07-20 14:49:17.464714,1208.0,1209.0,1206.0,1208.0,171050300.0
2021-07-20 14:54:18.959569,1208.0,1208.0,1203.0,1206.0,175103700.0
2021-07-20 14:59:20.324089,1206.0,1208.0,1202.0,1205.0,180747300.0
